tensor([[[[1.1964e-01, 1.4437e-01, 4.8520e-03,  ..., 1.0061e-01,
           2.9572e-01, 2.5529e-03],
          [6.7212e-02, 1.9171e-01, 6.7202e-03,  ..., 1.2757e-01,
           1.7672e-01, 4.6038e-03],
          [8.2070e-03, 5.0169e-02, 0.0000e+00,  ..., 2.2691e-02,
           3.2912e-03, 6.2357e-03],
          ...,
          [4.6849e-02, 3.4701e-01, 2.1364e-04,  ..., 2.6808e-01,
           8.5182e-02, 8.5988e-05],
          [0.0000e+00, 1.8343e-01, 6.7809e-04,  ..., 1.7405e-01,
           0.0000e+00, 5.2101e-04],
          [1.3947e-02, 7.3160e-02, 1.3900e-03,  ..., 1.0067e-01,
           0.0000e+00, 5.3632e-04]],

         [[0.0000e+00, 0.0000e+00, 6.9050e-02,  ..., 1.2855e-03,
           2.8263e-01, 8.8493e-03],
          [2.4916e-01, 0.0000e+00, 5.5892e-02,  ..., 2.8617e-03,
           3.2280e-01, 0.0000e+00],
          [1.9439e-02, 6.3386e-02, 7.4076e-03,  ..., 2.1410e-02,
           0.0000e+00, 2.6767e-03],
          ...,
          [2.5600e-01, 4.0490e-01, 2.1606e-02,  ..., 2.5027e-03,
           2.8032e-01, 4.6124e-02],
          [2.4341e-01, 2.2142e-01, 1.5716e-01,  ..., 1.3032e-02,
           1.2908e-01, 0.0000e+00],
          [5.5841e-03, 1.6729e-02, 0.0000e+00,  ..., 2.3188e-02,
           2.0475e-02, 7.6338e-03]],

         [[4.9318e-06, 3.3163e-06, 3.1442e-01,  ..., 1.7604e-02,
           0.0000e+00, 6.3987e-01],
          [9.8690e-06, 1.3574e-05, 0.0000e+00,  ..., 3.6333e-02,
           1.0353e-05, 5.2275e-01],
          [1.0195e-03, 2.5359e-03, 0.0000e+00,  ..., 3.1377e-03,
           7.9967e-04, 1.6730e-01],
          ...,
          [2.4683e-01, 1.8410e-01, 1.8536e-01,  ..., 2.2094e-03,
           6.8134e-02, 2.7770e-01],
          [1.3647e-05, 0.0000e+00, 4.0737e-01,  ..., 2.2205e-03,
           1.6624e-05, 6.1536e-01],
          [7.5029e-04, 9.5667e-04, 2.4220e-02,  ..., 2.8939e-03,
           5.1317e-04, 2.9904e-01]],

         ...,

         [[0.0000e+00, 0.0000e+00, 1.6709e-02,  ..., 2.9025e-01,
           1.5008e-02, 2.8336e-02],
          [9.4254e-02, 0.0000e+00, 2.1764e-02,  ..., 8.2075e-02,
           2.8413e-02, 4.3172e-02],
          [1.7663e-01, 3.3626e-02, 3.1315e-02,  ..., 1.7070e-01,
           1.3004e-01, 2.7321e-02],
          ...,
          [6.7133e-01, 2.0423e-01, 4.1109e-03,  ..., 8.2213e-03,
           1.8845e-01, 5.5639e-03],
          [1.3575e-01, 6.1130e-01, 0.0000e+00,  ..., 2.0962e-01,
           4.6704e-02, 1.4311e-02],
          [1.3700e-01, 0.0000e+00, 5.3843e-02,  ..., 8.9468e-02,
           1.4937e-01, 0.0000e+00]],

         [[1.0570e-01, 6.5642e-02, 0.0000e+00,  ..., 0.0000e+00,
           2.0729e-01, 2.2724e-01],
          [1.4893e-01, 4.0601e-02, 0.0000e+00,  ..., 2.0068e-01,
           5.7772e-02, 3.0323e-02],
          [2.3956e-01, 1.7802e-01, 6.8091e-04,  ..., 4.4639e-02,
           1.3955e-01, 2.6229e-04],
          ...,
          [0.0000e+00, 1.8306e-02, 1.1474e-01,  ..., 2.2236e-01,
           1.7434e-02, 2.2895e-01],
          [2.7381e-01, 8.2948e-02, 3.0632e-02,  ..., 7.0444e-02,
           2.6034e-01, 1.6356e-01],
          [2.8899e-02, 2.2839e-02, 0.0000e+00,  ..., 8.0861e-02,
           2.8102e-02, 2.4339e-04]],

         [[1.2099e-03, 0.0000e+00, 1.6184e-02,  ..., 2.4860e-01,
           1.7321e-03, 9.3156e-03],
          [2.1333e-04, 1.6767e-03, 1.1832e-03,  ..., 2.6935e-01,
           2.8783e-04, 0.0000e+00],
          [1.6432e-01, 0.0000e+00, 3.9895e-04,  ..., 2.2049e-02,
           1.2709e-01, 4.9045e-05],
          ...,
          [4.1007e-01, 2.1857e-01, 0.0000e+00,  ..., 6.4917e-02,
           8.1054e-02, 2.4561e-03],
          [1.9288e-04, 1.1460e-03, 3.9323e-02,  ..., 2.1038e-01,
           2.0133e-04, 6.0244e-03],
          [2.7807e-01, 4.0388e-01, 9.8161e-03,  ..., 8.0127e-02,
           2.8177e-01, 3.4778e-03]]],


        [[[2.1032e-03, 2.8962e-03, 3.0449e-01,  ..., 2.4686e-01,
           9.1653e-03, 1.6051e-03],
          [1.0948e-01, 0.0000e+00, 1.6804e-02,  ..., 1.5696e-02,
           9.3090e-01, 7.4822e-03],
          [0.0000e+00, 4.4221e-01, 6.6079e-02,  ..., 1.3203e-02,
           0.0000e+00, 3.8766e-03],
          ...,
          [3.6434e-01, 1.2994e-01, 0.0000e+00,  ..., 1.0120e-02,
           2.8618e-01, 1.3771e-01],
          [4.6991e-03, 0.0000e+00, 1.3068e-01,  ..., 1.6749e-01,
           1.5741e-02, 2.6453e-03],
          [2.2999e-03, 5.9756e-03, 3.3094e-01,  ..., 0.0000e+00,
           4.1023e-03, 2.4489e-05]],

         [[1.3751e-02, 3.8450e-05, 5.6892e-01,  ..., 2.7014e-01,
           1.3680e-02, 4.4630e-03],
          [4.7481e-01, 2.2233e-03, 1.9802e-01,  ..., 1.4076e-01,
           1.5058e-01, 2.9462e-02],
          [8.6256e-03, 2.4920e-01, 5.9848e-02,  ..., 3.8769e-01,
           8.5780e-03, 1.7775e-04],
          ...,
          [7.5784e-04, 6.7694e-01, 1.8358e-02,  ..., 1.9231e-01,
           1.2393e-03, 2.0690e-04],
          [3.3889e-03, 0.0000e+00, 5.2805e-01,  ..., 2.5238e-01,
           4.7585e-03, 1.5685e-03],
          [8.8488e-04, 1.2676e-02, 7.8241e-03,  ..., 2.3168e-03,
           2.9448e-04, 3.1240e-04]],

         [[3.1499e-05, 1.0599e-06, 1.3257e-03,  ..., 1.7000e-03,
           1.0592e-04, 6.9957e-01],
          [5.1499e-03, 2.6209e-02, 2.0597e-02,  ..., 3.0477e-02,
           8.7637e-03, 6.5870e-01],
          [0.0000e+00, 9.3512e-03, 3.5989e-02,  ..., 5.8116e-01,
           0.0000e+00, 5.5553e-02],
          ...,
          [1.8740e-02, 2.9548e-03, 0.0000e+00,  ..., 6.6847e-01,
           5.3654e-02, 1.3325e-01],
          [2.9776e-04, 3.9367e-06, 6.9460e-03,  ..., 1.3364e-02,
           8.9755e-04, 5.0944e-01],
          [1.9408e-03, 1.7645e-04, 2.0900e-01,  ..., 2.0842e-01,
           5.5728e-02, 7.1839e-02]],

         ...,

         [[0.0000e+00, 1.7437e-01, 9.0070e-03,  ..., 5.4007e-03,
           1.3826e-01, 1.2729e-01],
          [5.2899e-04, 2.6365e-03, 2.7352e-02,  ..., 1.0930e-01,
           0.0000e+00, 6.9351e-01],
          [2.4262e-03, 5.5768e-05, 0.0000e+00,  ..., 1.4362e-01,
           2.4526e-03, 0.0000e+00],
          ...,
          [0.0000e+00, 2.9259e-04, 3.0747e-03,  ..., 3.2927e-02,
           2.4221e-03, 6.6024e-01],
          [1.3679e-01, 2.2717e-01, 3.9378e-03,  ..., 5.4238e-03,
           7.4335e-02, 0.0000e+00],
          [1.9936e-03, 5.4561e-02, 1.2508e-01,  ..., 3.2045e-01,
           7.9270e-03, 5.8039e-03]],

         [[1.6938e-02, 4.5759e-03, 1.3829e-01,  ..., 1.3832e-01,
           6.3001e-02, 5.1268e-03],
          [2.1859e-02, 2.7424e-02, 0.0000e+00,  ..., 4.5598e-02,
           6.9783e-02, 8.2845e-02],
          [2.5207e-02, 4.5855e-01, 3.3021e-03,  ..., 2.1410e-02,
           6.7705e-02, 1.1605e-02],
          ...,
          [2.7413e-02, 1.5180e-01, 1.8315e-02,  ..., 1.8576e-01,
           5.2268e-02, 1.3690e-01],
          [9.1131e-03, 0.0000e+00, 2.9073e-01,  ..., 0.0000e+00,
           5.1981e-02, 5.3219e-02],
          [0.0000e+00, 9.3073e-02, 1.1018e-02,  ..., 6.1594e-03,
           4.6169e-03, 0.0000e+00]],

         [[5.8656e-04, 3.8528e-04, 2.0237e-02,  ..., 0.0000e+00,
           1.1324e-04, 1.4364e-03],
          [0.0000e+00, 3.3647e-01, 4.1114e-04,  ..., 6.0358e-03,
           2.3745e-01, 7.0859e-02],
          [1.5703e-03, 4.7170e-03, 2.7993e-01,  ..., 1.8505e-01,
           4.6594e-03, 1.2578e-04],
          ...,
          [7.3864e-03, 1.5882e-02, 2.0868e-01,  ..., 1.3742e-01,
           1.1318e-02, 0.0000e+00],
          [1.5143e-04, 1.7090e-04, 4.2891e-02,  ..., 4.6268e-02,
           5.8231e-05, 3.2975e-03],
          [8.5455e-01, 0.0000e+00, 4.0023e-03,  ..., 1.0737e-02,
           2.0968e-01, 1.1532e-03]]],


        [[[0.0000e+00, 3.6772e-02, 5.1711e-02,  ..., 8.4462e-01,
           1.3174e-01, 1.3644e-02],
          [7.4921e-02, 2.0087e-01, 9.0380e-02,  ..., 1.2498e-03,
           8.1861e-04, 2.2370e-04],
          [7.6279e-03, 0.0000e+00, 2.7505e-02,  ..., 0.0000e+00,
           9.8826e-02, 3.5019e-03],
          ...,
          [1.2913e-01, 5.5867e-02, 4.8440e-02,  ..., 2.8904e-01,
           2.7662e-01, 1.1383e-01],
          [3.3458e-01, 7.8091e-02, 1.7949e-01,  ..., 1.2914e-01,
           1.6233e-01, 1.7924e-02],
          [1.1399e-02, 2.4984e-01, 5.7819e-03,  ..., 5.0250e-01,
           2.7603e-01, 6.6998e-05]],

         [[2.5457e-01, 9.4988e-04, 2.4608e-01,  ..., 3.9842e-01,
           2.0603e-01, 8.6229e-04],
          [9.4214e-03, 0.0000e+00, 1.7902e-02,  ..., 9.4202e-04,
           7.7489e-03, 6.7744e-03],
          [2.5237e-01, 7.1662e-04, 4.4870e-01,  ..., 1.7113e-01,
           2.2462e-01, 9.3900e-04],
          ...,
          [9.8298e-03, 0.0000e+00, 0.0000e+00,  ..., 3.2380e-01,
           4.4132e-01, 1.2926e-03],
          [4.7875e-03, 9.5423e-04, 3.2323e-03,  ..., 4.1516e-01,
           5.1209e-01, 6.2485e-04],
          [2.8133e-03, 2.3282e-02, 3.1450e-03,  ..., 4.7305e-02,
           8.4998e-02, 0.0000e+00]],

         [[4.7812e-05, 9.0336e-04, 3.5910e-05,  ..., 5.8286e-03,
           2.8567e-03, 1.0998e+00],
          [7.1932e-01, 6.4171e-06, 3.9005e-01,  ..., 2.5145e-04,
           4.6653e-04, 1.1620e-04],
          [6.8668e-05, 2.4641e-02, 3.1785e-05,  ..., 0.0000e+00,
           1.0350e-01, 6.5260e-01],
          ...,
          [2.5898e-02, 1.4326e-02, 1.3361e-02,  ..., 3.8515e-01,
           2.6068e-01, 0.0000e+00],
          [1.2488e-02, 1.8851e-02, 1.0901e-02,  ..., 3.2822e-01,
           3.2462e-01, 2.1254e-01],
          [5.5436e-02, 2.2079e-01, 1.0936e-01,  ..., 3.0253e-01,
           9.1559e-03, 7.8949e-02]],

         ...,

         [[2.0174e-01, 1.1938e-02, 3.0455e-01,  ..., 0.0000e+00,
           6.5219e-03, 2.7970e-03],
          [0.0000e+00, 2.0491e-02, 0.0000e+00,  ..., 7.7468e-02,
           4.2766e-02, 8.5134e-02],
          [2.2262e-01, 2.3415e-02, 1.7527e-01,  ..., 2.8446e-02,
           8.7623e-03, 1.7385e-02],
          ...,
          [2.3409e-03, 0.0000e+00, 5.6023e-03,  ..., 3.0224e-01,
           1.5621e-01, 2.3001e-01],
          [1.0729e-02, 2.4816e-02, 0.0000e+00,  ..., 7.6007e-01,
           2.2138e-01, 2.1075e-02],
          [7.9253e-02, 2.1084e-03, 7.6840e-03,  ..., 3.4171e-01,
           6.0665e-01, 1.5941e-03]],

         [[6.1882e-02, 1.4318e-04, 1.7811e-02,  ..., 6.8093e-01,
           2.7046e-01, 7.3617e-03],
          [3.9086e-01, 3.4209e-02, 0.0000e+00,  ..., 5.3368e-03,
           1.9070e-03, 8.0287e-03],
          [1.7783e-02, 6.0409e-05, 4.3629e-03,  ..., 8.4127e-01,
           2.0228e-01, 1.5745e-03],
          ...,
          [2.3492e-03, 0.0000e+00, 0.0000e+00,  ..., 1.9742e-03,
           1.8591e-03, 6.3151e-04],
          [2.2496e-03, 2.6620e-03, 3.8746e-03,  ..., 4.7245e-03,
           0.0000e+00, 0.0000e+00],
          [8.1538e-02, 1.5459e-01, 1.5422e-01,  ..., 2.1591e-03,
           1.0048e-02, 0.0000e+00]],

         [[1.7366e-04, 4.7064e-02, 8.0049e-04,  ..., 4.1433e-01,
           6.3046e-01, 3.9416e-03],
          [3.0246e-05, 5.5139e-04, 0.0000e+00,  ..., 6.2454e-01,
           2.0613e-01, 6.4804e-03],
          [9.9744e-04, 0.0000e+00, 4.8203e-03,  ..., 4.6504e-01,
           0.0000e+00, 4.6887e-03],
          ...,
          [1.2788e-02, 9.9518e-02, 7.3530e-03,  ..., 3.0367e-01,
           3.2101e-01, 2.0299e-03],
          [1.0163e-01, 5.0516e-02, 6.4661e-02,  ..., 3.3175e-01,
           2.1661e-01, 1.5382e-02],
          [2.0596e-01, 4.1425e-03, 5.7657e-01,  ..., 1.0577e-02,
           0.0000e+00, 6.1269e-03]]],


        ...,


        [[[7.1882e-02, 2.1696e-01, 6.7210e-03,  ..., 1.1446e-03,
           1.4931e-02, 1.0558e-01],
          [2.2942e-01, 1.9274e-02, 9.2944e-03,  ..., 4.0971e-02,
           3.8808e-01, 2.7750e-01],
          [0.0000e+00, 8.5683e-03, 5.4236e-06,  ..., 2.0418e-05,
           4.7302e-01, 4.8356e-04],
          ...,
          [4.3208e-02, 3.6184e-02, 2.1112e-03,  ..., 5.3017e-01,
           7.5043e-02, 9.4956e-02],
          [2.7509e-01, 8.2829e-03, 2.2736e-04,  ..., 8.4254e-03,
           4.8533e-02, 2.1311e-01],
          [0.0000e+00, 2.8020e-01, 3.4928e-03,  ..., 3.7823e-03,
           4.0699e-03, 5.8322e-02]],

         [[2.0968e-01, 3.3619e-01, 3.3930e-03,  ..., 6.0118e-04,
           0.0000e+00, 4.2679e-03],
          [5.7633e-03, 8.8968e-01, 2.0229e-03,  ..., 1.3597e-04,
           4.6117e-04, 1.8437e-03],
          [4.3660e-02, 4.0284e-02, 6.0329e-04,  ..., 2.3037e-02,
           2.7330e-01, 4.7822e-02],
          ...,
          [6.7987e-01, 8.0171e-02, 2.8261e-02,  ..., 1.7428e-01,
           5.3709e-03, 1.3009e-02],
          [3.2213e-02, 2.7473e-02, 3.3211e-02,  ..., 8.6687e-02,
           2.4833e-01, 0.0000e+00],
          [2.3313e-01, 4.5823e-01, 5.3962e-02,  ..., 3.6956e-03,
           3.7762e-03, 0.0000e+00]],

         [[3.9988e-05, 5.5312e-03, 3.4507e-01,  ..., 6.4151e-03,
           7.9425e-04, 2.4962e-04],
          [0.0000e+00, 1.1988e-03, 6.4157e-06,  ..., 1.1069e+00,
           3.8306e-04, 1.9237e-03],
          [4.0727e-04, 3.2824e-02, 1.1656e-02,  ..., 1.3826e-02,
           3.7069e-01, 0.0000e+00],
          ...,
          [2.0561e-02, 4.6187e-03, 1.1009e-01,  ..., 1.4666e-03,
           4.8036e-01, 3.2907e-02],
          [6.1334e-01, 4.3468e-04, 4.9164e-05,  ..., 1.1285e-06,
           3.0566e-06, 4.7270e-01],
          [1.0973e-03, 2.6063e-02, 2.4219e-01,  ..., 5.9786e-03,
           1.7402e-02, 9.0142e-03]],

         ...,

         [[4.6070e-01, 1.6967e-02, 8.9406e-02,  ..., 1.0483e-01,
           1.2169e-01, 9.3834e-02],
          [8.5672e-03, 9.1726e-03, 7.5203e-02,  ..., 1.7530e-01,
           3.3580e-01, 0.0000e+00],
          [7.8605e-03, 0.0000e+00, 3.4009e-04,  ..., 1.5924e-03,
           1.3518e-03, 8.2210e-03],
          ...,
          [6.1843e-02, 0.0000e+00, 2.0765e-03,  ..., 4.1693e-02,
           7.7687e-01, 7.6974e-02],
          [4.6446e-03, 4.8682e-03, 2.3103e-02,  ..., 6.5193e-01,
           1.0631e-01, 2.3093e-02],
          [4.7922e-01, 1.1510e-03, 9.8325e-03,  ..., 0.0000e+00,
           1.7461e-01, 2.6519e-01]],

         [[5.7179e-02, 1.2935e-01, 4.5532e-03,  ..., 6.5088e-01,
           4.3091e-04, 2.6991e-02],
          [2.0071e-01, 1.9188e-02, 1.4617e-01,  ..., 1.8142e-02,
           1.5984e-01, 1.6857e-01],
          [2.3121e-02, 2.9238e-02, 7.8574e-03,  ..., 3.6161e-03,
           7.7386e-02, 8.3112e-02],
          ...,
          [9.7468e-01, 4.8299e-03, 9.3435e-03,  ..., 1.2962e-02,
           1.0655e-03, 7.5145e-02],
          [1.9826e-01, 2.3339e-02, 2.9852e-02,  ..., 2.2797e-04,
           5.9490e-03, 2.8831e-01],
          [1.3134e-01, 3.8058e-01, 3.4756e-03,  ..., 1.4113e-01,
           2.2714e-04, 1.2588e-01]],

         [[2.0734e-05, 2.2888e-02, 2.9914e-03,  ..., 7.4522e-03,
           0.0000e+00, 2.9959e-05],
          [0.0000e+00, 2.1114e-01, 2.5094e-03,  ..., 5.3116e-02,
           8.2643e-03, 2.6124e-02],
          [2.9684e-01, 7.0150e-03, 1.7307e-04,  ..., 3.6445e-04,
           6.8482e-03, 3.2172e-01],
          ...,
          [5.2265e-01, 3.8996e-02, 4.8174e-03,  ..., 2.5660e-02,
           1.1127e-03, 5.7331e-02],
          [0.0000e+00, 3.4943e-01, 1.0995e-01,  ..., 4.1063e-03,
           3.5798e-03, 6.2012e-05],
          [3.4508e-04, 1.1440e-01, 1.4970e-02,  ..., 2.9003e-03,
           2.2022e-02, 1.1553e-04]]],


        [[[1.7367e-01, 7.7779e-02, 4.4383e-03,  ..., 2.7217e-01,
           3.9307e-01, 1.0758e-01],
          [1.6676e-02, 5.8829e-02, 3.6630e-02,  ..., 5.6043e-03,
           9.2870e-01, 2.5372e-03],
          [9.4727e-02, 1.0141e-02, 0.0000e+00,  ..., 3.7521e-01,
           3.2988e-01, 0.0000e+00],
          ...,
          [1.0484e-01, 1.0672e-02, 1.4089e-03,  ..., 1.9779e-01,
           4.3048e-02, 6.2088e-02],
          [1.8056e-01, 5.6367e-04, 0.0000e+00,  ..., 8.9882e-02,
           8.7951e-02, 1.3682e-01],
          [2.3332e-01, 3.9670e-02, 2.9742e-03,  ..., 2.2970e-01,
           0.0000e+00, 7.0459e-02]],

         [[5.8907e-01, 2.3286e-03, 1.7385e-02,  ..., 1.2503e-01,
           1.5622e-02, 2.5800e-01],
          [1.9898e-01, 2.6863e-03, 3.0154e-02,  ..., 1.7690e-01,
           7.1125e-02, 4.7054e-02],
          [0.0000e+00, 6.8879e-02, 5.0863e-02,  ..., 0.0000e+00,
           8.4930e-03, 1.4379e-01],
          ...,
          [2.2882e-01, 2.5492e-03, 2.0165e-01,  ..., 6.0761e-02,
           1.5868e-01, 8.1854e-02],
          [1.1433e-03, 0.0000e+00, 6.7214e-02,  ..., 1.1490e-03,
           7.7992e-01, 4.2900e-04],
          [7.1537e-01, 7.3191e-04, 1.8180e-02,  ..., 1.4075e-01,
           0.0000e+00, 1.4248e-01]],

         [[0.0000e+00, 8.5381e-01, 6.6329e-04,  ..., 8.7825e-03,
           2.2584e-02, 1.5242e-02],
          [1.0678e-02, 2.6339e-05, 2.2695e-03,  ..., 2.8840e-02,
           8.8946e-01, 0.0000e+00],
          [1.5138e-02, 2.1348e-01, 2.1081e-01,  ..., 1.5978e-01,
           4.1434e-02, 9.5545e-02],
          ...,
          [4.0993e-02, 8.2330e-01, 1.0486e-03,  ..., 8.9763e-03,
           1.0558e-01, 4.9196e-02],
          [7.5673e-01, 2.2499e-04, 4.0145e-04,  ..., 1.4653e-01,
           1.4533e-06, 2.0626e-01],
          [2.3395e-03, 6.5749e-01, 1.8327e-03,  ..., 0.0000e+00,
           2.5814e-01, 2.8764e-03]],

         ...,

         [[0.0000e+00, 1.4042e-02, 3.2591e-02,  ..., 3.9988e-02,
           2.6500e-01, 1.4143e-01],
          [1.5877e-02, 3.3498e-02, 6.0135e-02,  ..., 1.2496e-02,
           1.3778e-01, 2.1515e-02],
          [0.0000e+00, 1.4846e-01, 2.7961e-01,  ..., 1.3418e-01,
           7.6068e-02, 0.0000e+00],
          ...,
          [3.2513e-01, 1.0105e-03, 5.0212e-03,  ..., 1.6331e-01,
           4.1384e-02, 1.5575e-01],
          [6.8694e-02, 3.8061e-05, 8.5125e-05,  ..., 7.3836e-01,
           4.9152e-02, 6.7235e-02],
          [1.5645e-01, 7.4392e-03, 7.2465e-03,  ..., 1.0887e-01,
           0.0000e+00, 1.0483e-01]],

         [[0.0000e+00, 0.0000e+00, 1.6319e-02,  ..., 0.0000e+00,
           3.3972e-04, 1.2418e-01],
          [1.9265e-02, 3.5653e-01, 1.0820e-01,  ..., 5.2334e-02,
           2.0895e-01, 6.3787e-02],
          [2.8848e-02, 7.7103e-02, 2.7006e-02,  ..., 7.5910e-02,
           2.2539e-01, 1.4920e-01],
          ...,
          [4.8559e-02, 6.7419e-02, 4.7413e-03,  ..., 5.2264e-02,
           6.7019e-04, 2.3430e-02],
          [1.5556e-01, 2.2905e-01, 1.2536e-01,  ..., 1.8123e-01,
           1.8756e-03, 4.3336e-02],
          [8.3194e-02, 1.3936e-01, 7.7281e-03,  ..., 0.0000e+00,
           4.7199e-03, 7.4412e-02]],

         [[1.6231e-01, 1.5832e-03, 2.6781e-01,  ..., 2.2336e-02,
           3.7599e-01, 4.8909e-02],
          [3.3197e-01, 1.1265e-02, 8.4415e-04,  ..., 1.2417e-01,
           5.2983e-01, 1.0968e-01],
          [1.5498e-01, 9.8491e-04, 1.8675e-02,  ..., 3.5152e-01,
           3.8967e-04, 4.6478e-01],
          ...,
          [2.1140e-01, 0.0000e+00, 2.4661e-01,  ..., 8.0841e-02,
           0.0000e+00, 1.1440e-01],
          [1.1438e-04, 1.8149e-04, 2.0492e-01,  ..., 7.0830e-04,
           5.6677e-03, 5.3814e-04],
          [2.1697e-02, 7.2828e-04, 4.4321e-01,  ..., 1.3934e-02,
           7.6442e-02, 0.0000e+00]]],


        [[[1.9408e-02, 7.9256e-03, 8.9603e-04,  ..., 1.5612e-03,
           1.0849e-03, 3.9362e-02],
          [3.2583e-01, 5.7825e-01, 1.7601e-04,  ..., 4.8087e-04,
           0.0000e+00, 1.1979e-01],
          [1.0219e-01, 5.1055e-02, 2.2428e-04,  ..., 4.0957e-04,
           8.4937e-05, 6.9227e-01],
          ...,
          [5.9089e-02, 3.7647e-03, 4.1600e-04,  ..., 9.6472e-04,
           1.8851e-04, 1.0048e+00],
          [1.7117e-02, 1.9221e-02, 1.2746e-03,  ..., 6.9370e-03,
           0.0000e+00, 3.1949e-01],
          [4.6473e-03, 4.6764e-03, 1.9007e-03,  ..., 5.1430e-03,
           1.5148e-03, 1.9582e-02]],

         [[1.7026e-01, 2.7924e-04, 4.6154e-05,  ..., 4.3836e-05,
           4.1321e-05, 1.4080e-01],
          [1.5643e-02, 8.4851e-01, 8.4938e-02,  ..., 1.6641e-02,
           3.4302e-02, 0.0000e+00],
          [2.8537e-02, 9.4792e-01, 3.8467e-02,  ..., 8.8524e-03,
           5.6676e-02, 1.1740e-02],
          ...,
          [0.0000e+00, 1.1012e+00, 2.6726e-03,  ..., 3.2083e-04,
           7.7140e-04, 9.4468e-05],
          [0.0000e+00, 1.0106e+00, 5.3880e-02,  ..., 8.9649e-03,
           1.5786e-02, 1.6853e-03],
          [2.8084e-02, 5.6591e-03, 3.7059e-04,  ..., 1.4739e-04,
           6.8163e-05, 1.1720e-02]],

         [[1.4374e-04, 2.6466e-02, 1.1953e-02,  ..., 1.8781e-02,
           8.0485e-02, 3.5962e-04],
          [2.3253e-01, 5.4384e-06, 5.1651e-04,  ..., 2.1019e-03,
           1.1330e-03, 8.6906e-01],
          [0.0000e+00, 8.6474e-02, 1.3760e-03,  ..., 4.0550e-03,
           1.7232e-03, 4.0874e-02],
          ...,
          [4.3002e-01, 7.4412e-02, 4.3860e-03,  ..., 0.0000e+00,
           5.1187e-03, 3.2760e-01],
          [3.8754e-01, 1.4494e-01, 1.9579e-02,  ..., 0.0000e+00,
           2.6236e-02, 2.0470e-01],
          [3.3150e-03, 0.0000e+00, 1.0099e-02,  ..., 4.4223e-02,
           4.4853e-02, 2.6221e-03]],

         ...,

         [[3.4281e-01, 7.2320e-02, 6.3353e-02,  ..., 0.0000e+00,
           2.2319e-01, 9.2398e-03],
          [7.2999e-02, 4.5401e-02, 2.3753e-02,  ..., 0.0000e+00,
           2.1412e-01, 2.6437e-01],
          [3.5929e-02, 6.6179e-01, 0.0000e+00,  ..., 0.0000e+00,
           0.0000e+00, 5.9405e-02],
          ...,
          [1.1933e-01, 2.4044e-01, 3.8493e-03,  ..., 0.0000e+00,
           0.0000e+00, 4.7637e-01],
          [1.6065e-01, 5.7390e-01, 3.6077e-03,  ..., 2.0977e-02,
           1.5800e-02, 1.5361e-01],
          [4.5093e-01, 2.5531e-02, 0.0000e+00,  ..., 0.0000e+00,
           3.3471e-01, 1.9522e-02]],

         [[8.2103e-03, 1.8470e-04, 9.0491e-02,  ..., 9.6572e-02,
           1.0538e-01, 1.2993e-02],
          [5.0453e-02, 2.1712e-02, 5.1058e-02,  ..., 1.3243e-02,
           8.3967e-02, 4.0086e-02],
          [7.1936e-02, 1.2479e-01, 2.0544e-02,  ..., 2.7387e-03,
           3.5315e-02, 8.2237e-02],
          ...,
          [1.6536e-02, 1.3827e-02, 2.0796e-01,  ..., 1.9384e-02,
           2.9688e-01, 3.6093e-02],
          [1.0935e-02, 8.4439e-03, 1.5912e-01,  ..., 1.7871e-02,
           0.0000e+00, 4.8695e-02],
          [1.3990e-02, 2.9240e-04, 2.6359e-02,  ..., 9.3118e-02,
           1.4373e-01, 4.3968e-02]],

         [[7.0590e-05, 4.2395e-02, 1.5931e-03,  ..., 0.0000e+00,
           0.0000e+00, 8.1491e-05],
          [1.8416e-04, 4.6344e-02, 1.3373e-03,  ..., 3.2456e-03,
           3.4721e-02, 1.8066e-03],
          [2.0621e-02, 1.7757e-01, 2.3951e-02,  ..., 5.3482e-03,
           1.2894e-02, 4.0918e-02],
          ...,
          [4.5295e-03, 1.5434e-02, 0.0000e+00,  ..., 1.1003e-03,
           4.9782e-03, 7.1476e-03],
          [2.7062e-03, 1.4459e-02, 1.5470e-02,  ..., 1.8781e-03,
           6.9656e-03, 3.2690e-03],
          [6.3074e-05, 4.5137e-02, 4.5897e-04,  ..., 5.5203e-04,
           1.2142e-03, 6.8262e-05]]]], grad_fn=<MulBackward0>)