tensor([[[[1.0768e-01, 1.2994e-01, 4.3668e-03,  ..., 9.0550e-02,
           2.6615e-01, 2.2976e-03],
          [6.0491e-02, 1.7254e-01, 6.0482e-03,  ..., 1.1481e-01,
           1.5904e-01, 4.1434e-03],
          [7.3863e-03, 4.5152e-02, 8.1522e-03,  ..., 2.0422e-02,
           2.9621e-03, 5.6121e-03],
          ...,
          [4.2165e-02, 3.1231e-01, 1.9228e-04,  ..., 2.4127e-01,
           7.6664e-02, 7.7389e-05],
          [4.2535e-02, 1.6509e-01, 6.1028e-04,  ..., 1.5665e-01,
           2.6777e-01, 4.6891e-04],
          [1.2552e-02, 6.5844e-02, 1.2510e-03,  ..., 9.0603e-02,
           6.4519e-03, 4.8269e-04]],

         [[2.2532e-01, 2.8896e-01, 6.2145e-02,  ..., 1.1569e-03,
           2.5436e-01, 7.9644e-03],
          [2.2424e-01, 2.6551e-01, 5.0303e-02,  ..., 2.5755e-03,
           2.9052e-01, 7.7131e-03],
          [1.7495e-02, 5.7047e-02, 6.6669e-03,  ..., 1.9269e-02,
           7.8836e-02, 2.4090e-03],
          ...,
          [2.3040e-01, 3.6441e-01, 1.9445e-02,  ..., 2.2525e-03,
           2.5229e-01, 4.1511e-02],
          [2.1907e-01, 1.9927e-01, 1.4144e-01,  ..., 1.1728e-02,
           1.1617e-01, 3.2790e-02],
          [5.0257e-03, 1.5056e-02, 4.6053e-03,  ..., 2.0869e-02,
           1.8427e-02, 6.8704e-03]],

         [[4.4386e-06, 2.9847e-06, 2.8297e-01,  ..., 1.5843e-02,
           5.1558e-06, 5.7588e-01],
          [8.8821e-06, 1.2216e-05, 2.6147e-01,  ..., 3.2700e-02,
           9.3178e-06, 4.7047e-01],
          [9.1759e-04, 2.2823e-03, 2.1821e-02,  ..., 2.8239e-03,
           7.1971e-04, 1.5057e-01],
          ...,
          [2.2215e-01, 1.6569e-01, 1.6682e-01,  ..., 1.9884e-03,
           6.1321e-02, 2.4993e-01],
          [1.2282e-05, 1.1275e-05, 3.6663e-01,  ..., 1.9985e-03,
           1.4961e-05, 5.5382e-01],
          [6.7526e-04, 8.6100e-04, 2.1798e-02,  ..., 2.6045e-03,
           4.6185e-04, 2.6914e-01]],

         ...,

         [[5.4138e-02, 4.6248e-01, 1.5038e-02,  ..., 2.6122e-01,
           1.3507e-02, 2.5503e-02],
          [8.4829e-02, 5.7751e-01, 1.9587e-02,  ..., 7.3867e-02,
           2.5571e-02, 3.8854e-02],
          [1.5896e-01, 3.0264e-02, 2.8184e-02,  ..., 1.5363e-01,
           1.1703e-01, 2.4589e-02],
          ...,
          [6.0420e-01, 1.8381e-01, 3.6998e-03,  ..., 7.3992e-03,
           1.6961e-01, 5.0075e-03],
          [1.2217e-01, 5.5017e-01, 1.5174e-02,  ..., 1.8866e-01,
           4.2034e-02, 1.2880e-02],
          [1.2330e-01, 3.6066e-02, 4.8459e-02,  ..., 8.0522e-02,
           1.3443e-01, 7.5369e-03]],

         [[9.5133e-02, 5.9078e-02, 3.1100e-02,  ..., 1.3802e-01,
           1.8656e-01, 2.0452e-01],
          [1.3403e-01, 3.6541e-02, 9.5177e-03,  ..., 1.8061e-01,
           5.1995e-02, 2.7291e-02],
          [2.1560e-01, 1.6022e-01, 6.1282e-04,  ..., 4.0175e-02,
           1.2560e-01, 2.3606e-04],
          ...,
          [2.5496e-02, 1.6475e-02, 1.0327e-01,  ..., 2.0013e-01,
           1.5691e-02, 2.0606e-01],
          [2.4643e-01, 7.4653e-02, 2.7569e-02,  ..., 6.3400e-02,
           2.3431e-01, 1.4721e-01],
          [2.6009e-02, 2.0555e-02, 3.7858e-04,  ..., 7.2775e-02,
           2.5292e-02, 2.1905e-04]],

         [[1.0889e-03, 7.2047e-03, 1.4565e-02,  ..., 2.2374e-01,
           1.5589e-03, 8.3840e-03],
          [1.9200e-04, 1.5090e-03, 1.0649e-03,  ..., 2.4242e-01,
           2.5905e-04, 1.8350e-04],
          [1.4788e-01, 6.9795e-01, 3.5906e-04,  ..., 1.9844e-02,
           1.1438e-01, 4.4141e-05],
          ...,
          [3.6906e-01, 1.9671e-01, 2.2128e-02,  ..., 5.8425e-02,
           7.2948e-02, 2.2105e-03],
          [1.7359e-04, 1.0314e-03, 3.5391e-02,  ..., 1.8934e-01,
           1.8120e-04, 5.4219e-03],
          [2.5027e-01, 3.6349e-01, 8.8345e-03,  ..., 7.2114e-02,
           2.5360e-01, 3.1300e-03]]],


        [[[1.8929e-03, 2.6066e-03, 2.7404e-01,  ..., 2.2217e-01,
           8.2488e-03, 1.4446e-03],
          [9.8528e-02, 1.0933e-02, 1.5124e-02,  ..., 1.4126e-02,
           8.3781e-01, 6.7340e-03],
          [2.1926e-01, 3.9799e-01, 5.9471e-02,  ..., 1.1883e-02,
           2.6526e-01, 3.4890e-03],
          ...,
          [3.2790e-01, 1.1694e-01, 1.5305e-02,  ..., 9.1081e-03,
           2.5756e-01, 1.2394e-01],
          [4.2292e-03, 3.7851e-03, 1.1761e-01,  ..., 1.5075e-01,
           1.4167e-02, 2.3808e-03],
          [2.0699e-03, 5.3780e-03, 2.9785e-01,  ..., 3.2851e-01,
           3.6920e-03, 2.2040e-05]],

         [[1.2376e-02, 3.4605e-05, 5.1203e-01,  ..., 2.4313e-01,
           1.2312e-02, 4.0167e-03],
          [4.2733e-01, 2.0010e-03, 1.7822e-01,  ..., 1.2668e-01,
           1.3552e-01, 2.6516e-02],
          [7.7631e-03, 2.2428e-01, 5.3863e-02,  ..., 3.4892e-01,
           7.7202e-03, 1.5997e-04],
          ...,
          [6.8206e-04, 6.0924e-01, 1.6523e-02,  ..., 1.7308e-01,
           1.1154e-03, 1.8621e-04],
          [3.0500e-03, 8.6770e-05, 4.7524e-01,  ..., 2.2714e-01,
           4.2826e-03, 1.4116e-03],
          [7.9639e-04, 1.1409e-02, 7.0417e-03,  ..., 2.0852e-03,
           2.6503e-04, 2.8116e-04]],

         [[2.8349e-05, 9.5390e-07, 1.1931e-03,  ..., 1.5300e-03,
           9.5329e-05, 6.2961e-01],
          [4.6349e-03, 2.3588e-02, 1.8537e-02,  ..., 2.7430e-02,
           7.8873e-03, 5.9283e-01],
          [4.1480e-02, 8.4161e-03, 3.2390e-02,  ..., 5.2304e-01,
           1.5421e-01, 4.9997e-02],
          ...,
          [1.6866e-02, 2.6593e-03, 4.1075e-02,  ..., 6.0162e-01,
           4.8289e-02, 1.1992e-01],
          [2.6799e-04, 3.5430e-06, 6.2514e-03,  ..., 1.2027e-02,
           8.0779e-04, 4.5850e-01],
          [1.7467e-03, 1.5881e-04, 1.8810e-01,  ..., 1.8758e-01,
           5.0155e-02, 6.4655e-02]],

         ...,

         [[4.6289e-01, 1.5693e-01, 8.1063e-03,  ..., 4.8606e-03,
           1.2443e-01, 1.1456e-01],
          [4.7609e-04, 2.3728e-03, 2.4616e-02,  ..., 9.8372e-02,
           1.1924e-04, 6.2416e-01],
          [2.1836e-03, 5.0191e-05, 3.4318e-02,  ..., 1.2926e-01,
           2.2074e-03, 3.7814e-01],
          ...,
          [2.4617e-03, 2.6333e-04, 2.7673e-03,  ..., 2.9634e-02,
           2.1799e-03, 5.9422e-01],
          [1.2311e-01, 2.0445e-01, 3.5440e-03,  ..., 4.8814e-03,
           6.6902e-02, 3.1995e-01],
          [1.7942e-03, 4.9105e-02, 1.1257e-01,  ..., 2.8841e-01,
           7.1343e-03, 5.2235e-03]],

         [[1.5244e-02, 4.1183e-03, 1.2446e-01,  ..., 1.2449e-01,
           5.6701e-02, 4.6141e-03],
          [1.9673e-02, 2.4682e-02, 1.3249e-01,  ..., 4.1038e-02,
           6.2805e-02, 7.4560e-02],
          [2.2687e-02, 4.1270e-01, 2.9719e-03,  ..., 1.9269e-02,
           6.0934e-02, 1.0444e-02],
          ...,
          [2.4672e-02, 1.3662e-01, 1.6484e-02,  ..., 1.6718e-01,
           4.7041e-02, 1.2321e-01],
          [8.2018e-03, 3.2970e-03, 2.6166e-01,  ..., 2.2239e-01,
           4.6783e-02, 4.7897e-02],
          [8.9770e-04, 8.3765e-02, 9.9161e-03,  ..., 5.5435e-03,
           4.1552e-03, 1.5741e-05]],

         [[5.2790e-04, 3.4675e-04, 1.8214e-02,  ..., 1.8000e-02,
           1.0191e-04, 1.2927e-03],
          [2.8523e-01, 3.0283e-01, 3.7003e-04,  ..., 5.4322e-03,
           2.1371e-01, 6.3773e-02],
          [1.4133e-03, 4.2453e-03, 2.5194e-01,  ..., 1.6654e-01,
           4.1935e-03, 1.1320e-04],
          ...,
          [6.6477e-03, 1.4294e-02, 1.8781e-01,  ..., 1.2368e-01,
           1.0186e-02, 1.1974e-03],
          [1.3629e-04, 1.5381e-04, 3.8601e-02,  ..., 4.1641e-02,
           5.2408e-05, 2.9677e-03],
          [7.6910e-01, 1.4877e-02, 3.6021e-03,  ..., 9.6630e-03,
           1.8871e-01, 1.0379e-03]]],


        [[[1.6729e-02, 3.3095e-02, 4.6540e-02,  ..., 7.6016e-01,
           1.1856e-01, 1.2279e-02],
          [6.7429e-02, 1.8078e-01, 8.1342e-02,  ..., 1.1248e-03,
           7.3675e-04, 2.0133e-04],
          [6.8651e-03, 1.2301e-02, 2.4755e-02,  ..., 8.5990e-01,
           8.8944e-02, 3.1517e-03],
          ...,
          [1.1622e-01, 5.0280e-02, 4.3596e-02,  ..., 2.6013e-01,
           2.4896e-01, 1.0244e-01],
          [3.0112e-01, 7.0282e-02, 1.6154e-01,  ..., 1.1623e-01,
           1.4610e-01, 1.6131e-02],
          [1.0259e-02, 2.2486e-01, 5.2037e-03,  ..., 4.5225e-01,
           2.4843e-01, 6.0298e-05]],

         [[2.2911e-01, 8.5489e-04, 2.2148e-01,  ..., 3.5858e-01,
           1.8543e-01, 7.7606e-04],
          [8.4792e-03, 2.4941e-02, 1.6112e-02,  ..., 8.4781e-04,
           6.9740e-03, 6.0970e-03],
          [2.2713e-01, 6.4496e-04, 4.0383e-01,  ..., 1.5402e-01,
           2.0216e-01, 8.4510e-04],
          ...,
          [8.8468e-03, 8.8269e-03, 6.7637e-03,  ..., 2.9142e-01,
           3.9719e-01, 1.1633e-03],
          [4.3087e-03, 8.5881e-04, 2.9091e-03,  ..., 3.7364e-01,
           4.6088e-01, 5.6237e-04],
          [2.5320e-03, 2.0954e-02, 2.8305e-03,  ..., 4.2574e-02,
           7.6498e-02, 3.3187e-04]],

         [[4.3030e-05, 8.1303e-04, 3.2319e-05,  ..., 5.2458e-03,
           2.5710e-03, 9.8981e-01],
          [6.4739e-01, 5.7754e-06, 3.5104e-01,  ..., 2.2631e-04,
           4.1988e-04, 1.0458e-04],
          [6.1801e-05, 2.2177e-02, 2.8607e-05,  ..., 1.2334e-01,
           9.3151e-02, 5.8734e-01],
          ...,
          [2.3308e-02, 1.2894e-02, 1.2025e-02,  ..., 3.4663e-01,
           2.3461e-01, 1.9309e-01],
          [1.1240e-02, 1.6966e-02, 9.8105e-03,  ..., 2.9540e-01,
           2.9216e-01, 1.9128e-01],
          [4.9892e-02, 1.9871e-01, 9.8420e-02,  ..., 2.7228e-01,
           8.2403e-03, 7.1054e-02]],

         ...,

         [[1.8156e-01, 1.0744e-02, 2.7410e-01,  ..., 3.1237e-02,
           5.8697e-03, 2.5173e-03],
          [3.2368e-03, 1.8442e-02, 1.4923e-02,  ..., 6.9722e-02,
           3.8490e-02, 7.6621e-02],
          [2.0035e-01, 2.1074e-02, 1.5774e-01,  ..., 2.5601e-02,
           7.8861e-03, 1.5647e-02],
          ...,
          [2.1068e-03, 5.6634e-03, 5.0420e-03,  ..., 2.7201e-01,
           1.4059e-01, 2.0701e-01],
          [9.6564e-03, 2.2335e-02, 1.1931e-02,  ..., 6.8406e-01,
           1.9924e-01, 1.8967e-02],
          [7.1328e-02, 1.8976e-03, 6.9156e-03,  ..., 3.0754e-01,
           5.4599e-01, 1.4347e-03]],

         [[5.5694e-02, 1.2886e-04, 1.6030e-02,  ..., 6.1284e-01,
           2.4341e-01, 6.6256e-03],
          [3.5177e-01, 3.0788e-02, 8.7453e-02,  ..., 4.8031e-03,
           1.7163e-03, 7.2258e-03],
          [1.6005e-02, 5.4368e-05, 3.9266e-03,  ..., 7.5714e-01,
           1.8205e-01, 1.4171e-03],
          ...,
          [2.1143e-03, 3.2694e-04, 1.6878e-03,  ..., 1.7767e-03,
           1.6732e-03, 5.6836e-04],
          [2.0246e-03, 2.3958e-03, 3.4872e-03,  ..., 4.2520e-03,
           2.3955e-03, 6.1724e-04],
          [7.3384e-02, 1.3913e-01, 1.3880e-01,  ..., 1.9432e-03,
           9.0435e-03, 1.2226e-03]],

         [[1.5629e-04, 4.2357e-02, 7.2044e-04,  ..., 3.7290e-01,
           5.6741e-01, 3.5475e-03],
          [2.7222e-05, 4.9625e-04, 1.1012e-05,  ..., 5.6208e-01,
           1.8552e-01, 5.8323e-03],
          [8.9770e-04, 6.3266e-02, 4.3383e-03,  ..., 4.1854e-01,
           4.9366e-01, 4.2198e-03],
          ...,
          [1.1510e-02, 8.9566e-02, 6.6177e-03,  ..., 2.7330e-01,
           2.8891e-01, 1.8269e-03],
          [9.1469e-02, 4.5464e-02, 5.8195e-02,  ..., 2.9857e-01,
           1.9495e-01, 1.3844e-02],
          [1.8536e-01, 3.7283e-03, 5.1891e-01,  ..., 9.5192e-03,
           3.1404e-02, 5.5142e-03]]],


        ...,


        [[[6.4693e-02, 1.9526e-01, 6.0489e-03,  ..., 1.0302e-03,
           1.3438e-02, 9.5023e-02],
          [2.0647e-01, 1.7346e-02, 8.3650e-03,  ..., 3.6874e-02,
           3.4927e-01, 2.4975e-01],
          [2.5877e-03, 7.7115e-03, 4.8812e-06,  ..., 1.8376e-05,
           4.2572e-01, 4.3520e-04],
          ...,
          [3.8887e-02, 3.2566e-02, 1.9001e-03,  ..., 4.7715e-01,
           6.7538e-02, 8.5460e-02],
          [2.4758e-01, 7.4546e-03, 2.0462e-04,  ..., 7.5828e-03,
           4.3680e-02, 1.9180e-01],
          [3.7751e-02, 2.5218e-01, 3.1435e-03,  ..., 3.4041e-03,
           3.6629e-03, 5.2490e-02]],

         [[1.8871e-01, 3.0257e-01, 3.0537e-03,  ..., 5.4106e-04,
           2.0070e-04, 3.8411e-03],
          [5.1870e-03, 8.0071e-01, 1.8206e-03,  ..., 1.2237e-04,
           4.1505e-04, 1.6594e-03],
          [3.9294e-02, 3.6255e-02, 5.4296e-04,  ..., 2.0733e-02,
           2.4597e-01, 4.3039e-02],
          ...,
          [6.1188e-01, 7.2154e-02, 2.5435e-02,  ..., 1.5685e-01,
           4.8338e-03, 1.1708e-02],
          [2.8992e-02, 2.4726e-02, 2.9890e-02,  ..., 7.8019e-02,
           2.2349e-01, 2.9691e-03],
          [2.0981e-01, 4.1241e-01, 4.8566e-02,  ..., 3.3261e-03,
           3.3986e-03, 3.5705e-03]],

         [[3.5990e-05, 4.9781e-03, 3.1057e-01,  ..., 5.7736e-03,
           7.1482e-04, 2.2466e-04],
          [2.9223e-04, 1.0789e-03, 5.7741e-06,  ..., 9.9617e-01,
           3.4476e-04, 1.7314e-03],
          [3.6654e-04, 2.9542e-02, 1.0491e-02,  ..., 1.2443e-02,
           3.3362e-01, 2.2221e-03],
          ...,
          [1.8505e-02, 4.1568e-03, 9.9084e-02,  ..., 1.3199e-03,
           4.3232e-01, 2.9616e-02],
          [5.5201e-01, 3.9122e-04, 4.4248e-05,  ..., 1.0157e-06,
           2.7509e-06, 4.2543e-01],
          [9.8756e-04, 2.3456e-02, 2.1797e-01,  ..., 5.3807e-03,
           1.5662e-02, 8.1128e-03]],

         ...,

         [[4.1463e-01, 1.5270e-02, 8.0465e-02,  ..., 9.4348e-02,
           1.0952e-01, 8.4451e-02],
          [7.7105e-03, 8.2553e-03, 6.7683e-02,  ..., 1.5777e-01,
           3.0222e-01, 1.6872e-03],
          [7.0744e-03, 5.5890e-01, 3.0608e-04,  ..., 1.4332e-03,
           1.2166e-03, 7.3989e-03],
          ...,
          [5.5658e-02, 7.8568e-03, 1.8688e-03,  ..., 3.7524e-02,
           6.9918e-01, 6.9276e-02],
          [4.1802e-03, 4.3813e-03, 2.0792e-02,  ..., 5.8674e-01,
           9.5678e-02, 2.0784e-02],
          [4.3129e-01, 1.0359e-03, 8.8493e-03,  ..., 2.0580e-02,
           1.5715e-01, 2.3867e-01]],

         [[5.1461e-02, 1.1641e-01, 4.0978e-03,  ..., 5.8579e-01,
           3.8782e-04, 2.4292e-02],
          [1.8064e-01, 1.7269e-02, 1.3155e-01,  ..., 1.6328e-02,
           1.4386e-01, 1.5171e-01],
          [2.0809e-02, 2.6315e-02, 7.0717e-03,  ..., 3.2545e-03,
           6.9648e-02, 7.4800e-02],
          ...,
          [8.7721e-01, 4.3469e-03, 8.4092e-03,  ..., 1.1666e-02,
           9.5898e-04, 6.7630e-02],
          [1.7843e-01, 2.1005e-02, 2.6867e-02,  ..., 2.0518e-04,
           5.3541e-03, 2.5948e-01],
          [1.1821e-01, 3.4252e-01, 3.1281e-03,  ..., 1.2702e-01,
           2.0442e-04, 1.1329e-01]],

         [[1.8660e-05, 2.0599e-02, 2.6922e-03,  ..., 6.7069e-03,
           4.3579e-01, 2.6963e-05],
          [2.8653e-01, 1.9002e-01, 2.2585e-03,  ..., 4.7804e-02,
           7.4378e-03, 2.3512e-02],
          [2.6716e-01, 6.3135e-03, 1.5576e-04,  ..., 3.2801e-04,
           6.1634e-03, 2.8955e-01],
          ...,
          [4.7039e-01, 3.5096e-02, 4.3357e-03,  ..., 2.3094e-02,
           1.0014e-03, 5.1598e-02],
          [1.2276e-04, 3.1449e-01, 9.8951e-02,  ..., 3.6956e-03,
           3.2218e-03, 5.5810e-05],
          [3.1058e-04, 1.0296e-01, 1.3473e-02,  ..., 2.6103e-03,
           1.9820e-02, 1.0398e-04]]],


        [[[1.5630e-01, 7.0001e-02, 3.9945e-03,  ..., 2.4495e-01,
           3.5376e-01, 9.6821e-02],
          [1.5008e-02, 5.2946e-02, 3.2967e-02,  ..., 5.0439e-03,
           8.3583e-01, 2.2834e-03],
          [8.5254e-02, 9.1265e-03, 6.6756e-03,  ..., 3.3769e-01,
           2.9689e-01, 2.4546e-01],
          ...,
          [9.4357e-02, 9.6051e-03, 1.2680e-03,  ..., 1.7801e-01,
           3.8744e-02, 5.5879e-02],
          [1.6251e-01, 5.0730e-04, 8.9568e-02,  ..., 8.0893e-02,
           7.9156e-02, 1.2314e-01],
          [2.0999e-01, 3.5703e-02, 2.6768e-03,  ..., 2.0673e-01,
           1.0676e-01, 6.3413e-02]],

         [[5.3016e-01, 2.0958e-03, 1.5647e-02,  ..., 1.1253e-01,
           1.4060e-02, 2.3220e-01],
          [1.7908e-01, 2.4176e-03, 2.7139e-02,  ..., 1.5921e-01,
           6.4012e-02, 4.2348e-02],
          [1.1508e-01, 6.1991e-02, 4.5777e-02,  ..., 9.5798e-02,
           7.6437e-03, 1.2941e-01],
          ...,
          [2.0594e-01, 2.2943e-03, 1.8149e-01,  ..., 5.4685e-02,
           1.4281e-01, 7.3668e-02],
          [1.0290e-03, 1.3037e-02, 6.0492e-02,  ..., 1.0341e-03,
           7.0193e-01, 3.8610e-04],
          [6.4383e-01, 6.5872e-04, 1.6362e-02,  ..., 1.2667e-01,
           7.3252e-03, 1.2823e-01]],

         [[1.4837e-02, 7.6843e-01, 5.9696e-04,  ..., 7.9043e-03,
           2.0326e-02, 1.3718e-02],
          [9.6105e-03, 2.3705e-05, 2.0426e-03,  ..., 2.5956e-02,
           8.0052e-01, 1.2644e-01],
          [1.3624e-02, 1.9214e-01, 1.8973e-01,  ..., 1.4381e-01,
           3.7291e-02, 8.5990e-02],
          ...,
          [3.6893e-02, 7.4097e-01, 9.4371e-04,  ..., 8.0787e-03,
           9.5021e-02, 4.4276e-02],
          [6.8106e-01, 2.0249e-04, 3.6130e-04,  ..., 1.3187e-01,
           1.3080e-06, 1.8563e-01],
          [2.1055e-03, 5.9174e-01, 1.6494e-03,  ..., 6.6580e-04,
           2.3233e-01, 2.5887e-03]],

         ...,

         [[4.6464e-01, 1.2638e-02, 2.9332e-02,  ..., 3.5989e-02,
           2.3850e-01, 1.2729e-01],
          [1.4289e-02, 3.0149e-02, 5.4121e-02,  ..., 1.1247e-02,
           1.2400e-01, 1.9364e-02],
          [7.0246e-02, 1.3361e-01, 2.5165e-01,  ..., 1.2076e-01,
           6.8461e-02, 4.8686e-03],
          ...,
          [2.9262e-01, 9.0944e-04, 4.5191e-03,  ..., 1.4698e-01,
           3.7246e-02, 1.4017e-01],
          [6.1825e-02, 3.4255e-05, 7.6613e-05,  ..., 6.6453e-01,
           4.4237e-02, 6.0511e-02],
          [1.4081e-01, 6.6953e-03, 6.5218e-03,  ..., 9.7981e-02,
           9.4147e-02, 9.4346e-02]],

         [[2.1322e-01, 1.0874e-01, 1.4687e-02,  ..., 2.2766e-01,
           3.0575e-04, 1.1176e-01],
          [1.7339e-02, 3.2088e-01, 9.7384e-02,  ..., 4.7101e-02,
           1.8806e-01, 5.7408e-02],
          [2.5963e-02, 6.9393e-02, 2.4306e-02,  ..., 6.8319e-02,
           2.0285e-01, 1.3428e-01],
          ...,
          [4.3703e-02, 6.0677e-02, 4.2672e-03,  ..., 4.7037e-02,
           6.0317e-04, 2.1087e-02],
          [1.4000e-01, 2.0614e-01, 1.1282e-01,  ..., 1.6311e-01,
           1.6880e-03, 3.9003e-02],
          [7.4874e-02, 1.2543e-01, 6.9553e-03,  ..., 3.6900e-01,
           4.2479e-03, 6.6971e-02]],

         [[1.4608e-01, 1.4249e-03, 2.4103e-01,  ..., 2.0103e-02,
           3.3839e-01, 4.4018e-02],
          [2.9877e-01, 1.0139e-02, 7.5974e-04,  ..., 1.1175e-01,
           4.7684e-01, 9.8715e-02],
          [1.3949e-01, 8.8642e-04, 1.6808e-02,  ..., 3.1637e-01,
           3.5070e-04, 4.1830e-01],
          ...,
          [1.9026e-01, 6.7528e-04, 2.2194e-01,  ..., 7.2757e-02,
           2.0897e-01, 1.0296e-01],
          [1.0295e-04, 1.6334e-04, 1.8443e-01,  ..., 6.3747e-04,
           5.1009e-03, 4.8433e-04],
          [1.9527e-02, 6.5546e-04, 3.9889e-01,  ..., 1.2540e-02,
           6.8798e-02, 1.9187e-02]]],


        [[[1.7468e-02, 7.1331e-03, 8.0643e-04,  ..., 1.4051e-03,
           9.7645e-04, 3.5426e-02],
          [2.9324e-01, 5.2042e-01, 1.5841e-04,  ..., 4.3278e-04,
           1.2691e-04, 1.0781e-01],
          [9.1974e-02, 4.5949e-02, 2.0186e-04,  ..., 3.6862e-04,
           7.6443e-05, 6.2304e-01],
          ...,
          [5.3180e-02, 3.3882e-03, 3.7440e-04,  ..., 8.6825e-04,
           1.6966e-04, 9.0430e-01],
          [1.5406e-02, 1.7299e-02, 1.1471e-03,  ..., 6.2433e-03,
           4.2648e-04, 2.8754e-01],
          [4.1826e-03, 4.2088e-03, 1.7107e-03,  ..., 4.6287e-03,
           1.3633e-03, 1.7624e-02]],

         [[1.5324e-01, 2.5131e-04, 4.1539e-05,  ..., 3.9453e-05,
           3.7189e-05, 1.2672e-01],
          [1.4079e-02, 7.6366e-01, 7.6444e-02,  ..., 1.4977e-02,
           3.0871e-02, 2.2180e-02],
          [2.5684e-02, 8.5313e-01, 3.4620e-02,  ..., 7.9672e-03,
           5.1009e-02, 1.0566e-02],
          ...,
          [4.0141e-04, 9.9107e-01, 2.4054e-03,  ..., 2.8875e-04,
           6.9426e-04, 8.5021e-05],
          [6.0535e-03, 9.0951e-01, 4.8492e-02,  ..., 8.0684e-03,
           1.4208e-02, 1.5168e-03],
          [2.5276e-02, 5.0932e-03, 3.3353e-04,  ..., 1.3265e-04,
           6.1347e-05, 1.0548e-02]],

         [[1.2937e-04, 2.3820e-02, 1.0758e-02,  ..., 1.6903e-02,
           7.2436e-02, 3.2366e-04],
          [2.0928e-01, 4.8945e-06, 4.6486e-04,  ..., 1.8917e-03,
           1.0197e-03, 7.8215e-01],
          [2.6234e-02, 7.7827e-02, 1.2384e-03,  ..., 3.6495e-03,
           1.5509e-03, 3.6787e-02],
          ...,
          [3.8702e-01, 6.6971e-02, 3.9474e-03,  ..., 1.3141e-02,
           4.6068e-03, 2.9484e-01],
          [3.4878e-01, 1.3044e-01, 1.7621e-02,  ..., 5.5763e-02,
           2.3612e-02, 1.8423e-01],
          [2.9835e-03, 8.4496e-02, 9.0894e-03,  ..., 3.9800e-02,
           4.0368e-02, 2.3599e-03]],

         ...,

         [[3.0853e-01, 6.5088e-02, 5.7018e-02,  ..., 3.5082e-01,
           2.0087e-01, 8.3158e-03],
          [6.5699e-02, 4.0861e-02, 2.1377e-02,  ..., 3.7844e-01,
           1.9271e-01, 2.3794e-01],
          [3.2336e-02, 5.9561e-01, 5.4770e-04,  ..., 2.8067e-03,
           1.1677e-03, 5.3464e-02],
          ...,
          [1.0740e-01, 2.1640e-01, 3.4644e-03,  ..., 3.2805e-02,
           4.2493e-02, 4.2873e-01],
          [1.4458e-01, 5.1651e-01, 3.2469e-03,  ..., 1.8879e-02,
           1.4220e-02, 1.3825e-01],
          [4.0584e-01, 2.2977e-02, 1.2230e-02,  ..., 2.2518e-01,
           3.0124e-01, 1.7570e-02]],

         [[7.3892e-03, 1.6623e-04, 8.1442e-02,  ..., 8.6915e-02,
           9.4840e-02, 1.1693e-02],
          [4.5407e-02, 1.9541e-02, 4.5952e-02,  ..., 1.1919e-02,
           7.5570e-02, 3.6077e-02],
          [6.4742e-02, 1.1231e-01, 1.8490e-02,  ..., 2.4648e-03,
           3.1783e-02, 7.4014e-02],
          ...,
          [1.4882e-02, 1.2444e-02, 1.8716e-01,  ..., 1.7446e-02,
           2.6720e-01, 3.2484e-02],
          [9.8419e-03, 7.5995e-03, 1.4321e-01,  ..., 1.6084e-02,
           3.5077e-01, 4.3826e-02],
          [1.2591e-02, 2.6316e-04, 2.3723e-02,  ..., 8.3806e-02,
           1.2935e-01, 3.9571e-02]],

         [[6.3531e-05, 3.8156e-02, 1.4338e-03,  ..., 8.3248e-04,
           4.0559e-03, 7.3342e-05],
          [1.6575e-04, 4.1710e-02, 1.2036e-03,  ..., 2.9210e-03,
           3.1249e-02, 1.6259e-03],
          [1.8558e-02, 1.5982e-01, 2.1556e-02,  ..., 4.8134e-03,
           1.1604e-02, 3.6826e-02],
          ...,
          [4.0765e-03, 1.3891e-02, 2.9779e-03,  ..., 9.9028e-04,
           4.4804e-03, 6.4328e-03],
          [2.4356e-03, 1.3013e-02, 1.3923e-02,  ..., 1.6903e-03,
           6.2691e-03, 2.9421e-03],
          [5.6767e-05, 4.0624e-02, 4.1307e-04,  ..., 4.9683e-04,
           1.0928e-03, 6.1435e-05]]]], grad_fn=<SoftmaxBackward0>)